[ 4803.494537] [project1] 20455 1588098582.476684394 1588098583.499176168
[ 4805.613267] [project1] 20456 1588098584.604725966 1588098585.617933361
[ 4807.793538] [project1] 20457 1588098586.698505217 1588098587.798231843
[ 4809.939159] [project1] 20458 1588098588.889560119 1588098589.943880689
[ 4812.137934] [project1] 20459 1588098591.057579011 1588098592.142682181
[ 4814.190278] [project1] 20460 1588098593.163930479 1588098594.195053922
[ 4816.400393] [project1] 20461 1588098595.288811845 1588098596.405197313
[ 4818.550818] [project1] 20462 1588098597.439353439 1588098598.555649385
[ 4820.685050] [project1] 20463 1588098599.570455882 1588098600.689910312
[ 4822.771715] [project1] 20464 1588098601.690652617 1588098602.776602149
